0 33422
1 19273
2 22785
3 17749
4 18931
5 18160
6 14673
7 21331
8 22585
9 19133
10 20674
11 23460
12 20521
13 15050
14 24850
15 18217
16 24697
17 21333
18 24665
19 15451
20 17841
21 18115
22 21701
23 24773
24 16137
25 20283
26 15159
27 17109
28 19486
29 17972
30 10939
31 20809
32 29622
33 20536
34 17186
35 20826
36 22009
37 15408
38 17092
39 25520
40 20393
41 18402
42 19034
43 17167
44 22329
45 18560
46 21183
47 21564
48 20934
49 20236
50 24725
51 19455
52 19238
53 16479
54 20621
55 18541
56 15735
57 17469
58 19805
59 19464
60 19727
61 23176
62 15101
63 17723
64 16908
65 23308
66 18680
67 13048
68 23309
69 19569
70 18202
71 20059
72 26916
73 22090
74 21791
75 16677
76 17308
77 16382
78 16906
79 16612
80 18799
81 23232
82 18570
83 15960
84 23188
85 16214
86 17758
87 21067
88 19724
89 23684
90 23206
91 20359
92 16018
93 15454
94 23991
95 21219
96 13632
97 21325
98 20242
99 12288
100 24675
101 20217
102 24268
103 24379
104 18876
105 21567
106 24436
107 22067
108 19665
109 15997
110 16461
111 22580
112 17099
113 17856
114 21928
115 17115
116 25566
117 15257
118 20408
119 21739
120 20379
121 21202
122 27219
123 25705
124 15730
125 17320
126 19468
127 22919
128 13165
129 23040
130 27071
131 21293
132 18714
133 26899
134 22879
135 23888
136 18561
137 14148
138 17181
139 15185
140 27939
141 23960
142 15409
143 17360
144 18372
145 19401
146 20502
147 22201
148 14118
149 26100
150 29973
151 24898
152 18891
153 23577
154 16749
155 23095
156 17672
157 23283
158 24014
159 16029
160 19511
161 20134
162 19496
163 17778
164 14711
165 23112
166 13491
167 22944
168 22398
169 26943
170 12352
171 19009
172 20527
173 23910
174 13407
175 28662
176 17219
177 18494
178 24087
179 25910
180 24194
181 22859
182 15363
183 17752
184 19359
185 20540
186 13296
187 23509
188 17043
189 27983
190 21962
191 23584
192 20441
193 15441
194 21010
195 18539
196 13891
197 18700
198 23609
199 21402
200 21016
201 23850
202 19343
203 24354
204 23468
205 19783
206 28992
207 24227
208 21153
209 20964
210 18269
211 24588
212 22598
213 17948
214 22606
215 17548
216 9950
217 22213
218 13911
219 22399
220 20747
221 21274
222 27157
223 20338
224 15539
225 22190
226 16949
227 20720
228 14912
229 27622
230 19025
231 18026
232 17925
233 18392
234 21919
235 18333
236 21285
237 27205
238 14681
239 22802
240 16536
241 16911
242 16564
243 21862
244 21436
245 22932
246 17366
247 22961
248 19006
249 25549
250 27090
251 22607
252 17791
253 22467
254 24605
255 23620
