0 0
1 0
2 0
3 0
4 0
5 0
6 0
7 69
8 177
9 244
10 413
11 305
12 405
13 492
14 585
15 0
16 754
17 0
18 0
19 906
20 0
21 1025
22 0
23 1147
24 0
25 1313
26 0
27 1472
28 0
29 1698
30 1824
31 0
32 0
33 1943
34 0
35 2122
36 0
37 2038
38 0
39 2202
40 0
41 2065
42 0
43 0
44 2052
45 0
46 0
47 2092
48 0
49 0
50 2020
51 0
52 0
53 1884
54 0
55 0
56 1718
57 0
58 1558
59 0
60 0
61 1477
62 0
63 1386
64 0
65 0
66 1321
67 0
68 1246
69 0
70 0
71 1184
72 0
73 1109
74 0
75 1116
76 0
77 0
78 1001
79 0
80 999
81 0
82 0
83 1034
84 0
85 1057
86 0
87 988
88 0
89 1013
90 0
91 1035
92 968
93 0
94 1001
95 0
96 975
97 0
98 1012
99 992
100 0
101 1005
102 1015
103 0
104 1064
105 991
106 1004
107 1021
108 1152
109 0
110 1101
111 1188
112 0
113 1316
114 0
115 1383
116 0
117 1538
118 1624
119 0
120 1780
121 1918
122 0
123 2016
124 2107
125 0
126 2037
127 1881
128 3712
129 1675
130 1631
131 3028
132 1473
133 2892
134 2844
135 2787
136 4292
137 3033
138 3069
139 5672
140 4164
141 4193
142 4059
143 5775
144 1826
145 4856
146 3119
147 6253
148 5007
149 4863
150 4759
151 4877
152 5335
153 5905
154 3936
155 4015
156 4239
157 4151
158 2049
159 3567
160 3044
161 2546
162 2271
163 3108
164 1978
165 2745
166 2686
167 1666
168 2713
169 2117
170 1484
171 1909
172 1547
173 1731
174 1368
175 676
176 691
177 742
178 749
179 766
180 796
181 702
182 1303
183 699
184 745
185 0
186 728
187 711
188 813
189 0
190 734
191 730
192 737
193 0
194 0
195 821
196 0
197 876
198 0
199 0
200 888
201 0
202 0
203 816
204 0
205 0
206 833
207 0
208 0
209 0
210 834
211 0
212 852
213 0
214 0
215 747
216 659
217 0
218 540
219 528
220 411
221 324
222 300
223 244
224 0
225 234
226 201
227 181
228 164
229 154
230 138
231 100
232 76
233 0
234 83
235 59
236 49
237 0
238 37
239 0
240 38
241 0
242 15
243 20
244 11
245 0
246 13
247 8
248 0
249 8
250 4
251 4
252 2
253 1
254 1
255 1
